PSZ2G000.04+45.13   229.191   -1.01722   0.119800   3.96241
PSZ2G006.68-35.55   308.706   -35.8251  0.0894000   4.16668
PSZ2G007.76-36.83   310.439   -35.1878  0.0894620   2.63861
PSZ2G008.80-35.18   308.660   -34.0615  0.0936000   2.97552
PSZ2G018.73+23.56   255.578   -1.02403  0.0890000   3.96883
PSZ2G018.84+22.43   256.607   -1.50328  0.0912000   3.60317
PSZ2G028.63+50.15   235.033   17.8987  0.0916000   3.24914
PSZ2G033.46-48.43   328.081   -19.6129  0.0943000   4.07692
PSZ2G037.05-70.55   351.525   -24.1207  0.0880000   2.21629
PSZ2G041.43-66.81   348.108   -21.5507   0.110800   2.70974
PSZ2G045.50-37.21   321.320   -6.97814   0.115300   2.80749
PSZ2G047.73-60.15   342.758   -16.4002   0.122100   3.36444
PSZ2G048.75+53.18   234.967   30.6960  0.0980000   2.52819
PSZ2G049.32+44.37   245.140   29.8941  0.0972000   3.67121
PSZ2G049.69-49.46   333.618   -10.3524  0.0980000   3.63175
PSZ2G059.72-46.21   334.648   -2.95741  0.0902000   2.22578
PSZ2G062.44-46.43   335.986   -1.61691  0.0906000   3.46684
PSZ2G065.32-64.84   351.319   -12.1252  0.0852000   2.48354
PSZ2G065.81-83.77   7.15038   -23.6319   0.112000   2.83182
PSZ2G072.40-78.45   3.43054   -19.4862  0.0940000   2.75662
PSZ2G080.41-33.24   336.540   17.3767   0.107200   3.77405
PSZ2G083.14+66.57   213.445   43.6523  0.0890000   2.07491
PSZ2G091.40-51.01   353.503   7.05729  0.0990000   2.68253
PSZ2G099.57-58.64   0.945059   2.05365  0.0924000   2.23877
PSZ2G113.29-29.69   2.93635   32.4325   0.107300   3.71007
PSZ2G114.79-33.71   5.14564   28.6657  0.0940000   3.82442
PSZ2G114.90-34.35   5.35256   28.0504  0.0948000   2.47232
PSZ2G135.19+57.88   180.539   58.0593   0.103100   2.21447
PSZ2G137.74-27.08   28.7835   33.9443  0.0872000   2.83373
PSZ2G147.11+21.84   94.6302   67.4056   0.112700   3.38010
PSZ2G152.70+25.46   106.096   63.3173  0.0980000   2.94593
PSZ2G162.33+25.03   108.562   54.6900   0.104300   2.85263
PSZ2G178.94+56.00   154.948   41.0098  0.0922000   2.23120
PSZ2G192.18+56.12   154.091   33.6604   0.124000   3.62056
PSZ2G198.47-23.69   75.3424   1.15538   0.124800   3.62938
PSZ2G200.63-64.71   39.1086   -19.3489  0.0907000   2.47962
PSZ2G206.22+24.89   122.769   16.6288  0.0925000   2.27481
PSZ2G224.38-24.95   84.5847   -20.6454  0.0915000   2.53656
PSZ2G226.16-21.95   88.2137   -21.0650  0.0989000   3.87321
PSZ2G228.62+68.44   170.801   19.6118   0.104200   2.91018
PSZ2G261.88+62.85   175.336   5.70933  0.0974000   2.41085
PSZ2G268.30+28.89   159.599   -24.8842   0.123000   2.83291
PSZ2G277.38+47.07   175.367   -12.2990   0.119500   2.80771
PSZ2G283.91+73.87   187.555   11.7964  0.0852000   2.98809
PSZ2G284.59+70.84   186.864   8.83256  0.0896000   2.20054
PSZ2G295.34+23.34   183.891   -38.9929   0.119000   4.23058
PSZ2G302.85-88.63   12.8615   -28.4978   0.112500   3.10402
PSZ2G314.26-55.35   359.706   -60.5965  0.0989000   2.26113
PSZ2G321.98-47.96   342.456   -64.4152  0.0940000   4.02315
PSZ2G322.77+59.52   202.777   -1.80554  0.0852000   3.22614
PSZ2G324.54-44.97   334.505   -65.1770  0.0951000   3.00328
PSZ2G336.60-55.43   341.572   -52.7221  0.0965000   4.27963
PSZ2G340.46-52.20   335.080   -52.4518   0.102000   2.53566
PSZ2G342.51-50.97   332.383   -51.8228   0.106500   2.36890
PSZ2G346.30-30.35   298.310   -52.0665   0.106900   2.94926
PSZ2G346.36-77.71   2.48662   -35.6649   0.120083   2.46446
PSZ2G352.28-77.66   1.48968   -34.7015   0.114700   4.00166
PSZ2G356.53+28.66   239.613   -14.1607  0.0970000   2.95051
PSZ2G358.21-87.49   10.5193   -28.5334   0.108200   3.64785
PSZ2G358.94-70.57   352.780   -36.5498  0.0957000   2.52327
