# name  center_RA  center_dec  csb_physical  csb_scaled  w
PSZ2G000.04+45.13  229.1860091944767  -0.973334127593386  0.045427104139291886
0.01153470431364293  -0.6104800352940497
-1.0120015229584234  0.01791200128919717
0.0064165665840826645
PSZ2G006.68-35.55  308.6918181704642  -35.83148811531581  0.02277567094336567
0.0028812583213724675  0.3660786316972156
0.02077559324695363  0.007643108753464802
0.009014645763042506
PSZ2G007.76-36.83  310.5192262274914  -35.21827432451632  0.03150299848449129
0.009942426851573158  0.2149833572024652
0.08732780767629932  0.06612496316331082
0.008656733314329146
PSZ2G008.80-35.18  308.6721950262803  -34.06588774298307  0.1387692419835561
0.011358651651669785  0.6481359303196025
0.09361571625822487  0.0038406220209452565
0.009551693424073016
PSZ2G018.73+23.56  255.5885008772183  -1.002991115623891  0.043306778053437335
0.005573560014939112  0.2994718559433316
0.03290401318086862  0.023632001470591264
0.011115472166106337
PSZ2G018.84+22.43  256.5990915011878  -1.534234106421924  0.036663234941592154
0.004564111923075712  0.4443802557307784
0.12611759447664253  0.03274178060947172
0.010798655392333947
PSZ2G028.63+50.15  235.0005853205757  17.93563979693334  0.07170285760576735
0.010815944807937624  0.8505214309219262
0.34793149017728414  0.11484945306403536
0.006760395900058024
PSZ2G033.46-48.43  328.0886123345898  -19.54802032399398  0.13234202108153437
0.001202880736642968  0.515498295953831
0.012944253929963307  0.05772387811163621
0.010439366690468486
PSZ2G037.05-70.55  351.5595125371167  -24.10819372304687  0.27058909580965945
0.03993431097088233  0.5363733023513617
0.15694817036626174  0.011995231680880349
0.006257206570745922
PSZ2G041.43-66.81  348.0809179943021  -21.50270847237599  0.0910001074889984
0.007794719447485503  0.44185994885462604
0.05809070548081028  0.014365402008787975
0.007904313065267739
PSZ2G045.50-37.21  321.2949369399332  -6.964313591138385  0.11864922577123435
0.01508251209826583  1.2009965315218
0.1919060191944294  0.003075143437468736
0.005229780730061694
PSZ2G047.73-60.15  342.7320882962188  -16.4064885552996  0.09186031914811281
0.006320760301927691  0.3727758606287688
0.022327207340389545  0.007953708422926736
0.007976085154222302
PSZ2G048.75+53.18  234.962168293974  30.71755351625936  0.13816063073446117
0.0041301888424573  0.45857218316667564
0.014437039640299399  0.00444549081951633
0.011851781832346062
PSZ2G049.32+44.37  245.1288532231106  29.88959205100576  0.05126767363696431
0.002760614023929879  0.4856332919297786
0.02215575979174666  0.04256518762294002
0.0106005346976543
PSZ2G049.69-49.46  333.6309983947409  -10.37227863340861  0.101097714748906
0.0034883583728587122  0.6066736400472961
0.013803254789459724  0.003872337204542764
0.013642892921550076
PSZ2G059.72-46.21  334.7188277216271  -2.979502107309322  0.027639570420453598
0.003195565983820977  0.17155655330648464
0.012073140360859222  0.024659548373191533
0.008257379778039456
PSZ2G062.44-46.43  335.9490224717058  -1.650158845741412  0.19526270984703556
0.0052797783830455  0.2911387266519296
0.004058017927809993  0.045638669576864084
0.009389652785333163
PSZ2G065.32-64.84  351.3324355770198  -12.12446120624138  0.28548728999294604
0.007617147954278259  0.7608906834784219
0.02445831879899739  0.0036630937035112545
0.013596519038638623
PSZ2G065.81-83.77  7.154711102953546  -23.64494609341421  0.06709473907961827
0.008472399663755754  0.23588791970375403
0.030704611067969394  0.01821515487142754
0.005390396862962855
PSZ2G072.40-78.45  3.40637361592588  -19.498651079259  0.052128892354062706
0.00858812277470641  0.7310685745354868
0.10820323278733453  0.004857027749168494
0.008663448109156955
PSZ2G080.41-33.24  336.5258337776742  17.3631002127849  0.05384991932328719
0.0008578748049487804  0.510439053019211
0.006507174978324348  0.038527740608136234
0.011418211649324304
PSZ2G083.14+66.57  213.43271022582  43.66231410481278  0.26010387984713706
0.012583360999490449  0.6267085515124057
0.04357796232280211  0.003657869578365368
0.008903576939220493
PSZ2G091.40-51.01  353.4746481050977  7.078869190540266  0.1647969770839971
0.031797869467588016  0.2194752267807499
0.15890545640156048  0.01601671195004774
0.005286319308850934
PSZ2G099.57-58.64  0.9565515903700598  2.065443950181391  0.11257582558607925
0.007125105698231132  0.7486549126675035
0.057127379647704396  0.007245083695797944
0.010179161722901451
PSZ2G113.29-29.69  2.940244269620383  32.41444265157891  0.045049887017702635
0.0027295762851211785  0.3661410824027354
0.012723878365049979  0.007657592067342434
0.01202796991721172
PSZ2G114.79-33.71  5.154568574706388  28.66059600709868  0.04620178814643483
0.0025577095498527705  0.2857229605100034
0.022858851136948126  0.01630096071089256
0.01382743551038107
PSZ2G114.90-34.35  5.395731616734412  28.05241233599613  0.03912015318949317
0.01127384015866792  -0.48849394649912053
-0.2831280168697096  0.024638257105569127
0.0034337780986807205
PSZ2G135.19+57.88  180.5156216874045  58.03587461616679  0.05202937604192783
0.004402010934575979  0.4804325293887417
0.027125508088233233  0.005493378305646961
0.006798988824347798
PSZ2G137.74-27.08  28.77624634125763  33.93505077077324  0.03943206328206209
0.005015359818564441  0.3470178826729126
0.10556160423239541  0.03006778101633787
0.0095999411787938
PSZ2G147.11+21.84  94.66922673203206  67.41631811471696  0.06389869861385548
0.013120628368355286  0.24202220772979188
0.03701906095883861  0.011623199784478372
0.0052123052098345625
PSZ2G152.70+25.46  106.1189107832037  63.30897750406331  0.08596768425390905
0.009288511310120453  0.3690633506123035
0.03407875362081239  0.007977700692639792
0.008198017099827938
PSZ2G162.33+25.03  108.5881013251257  54.67239763624246  0.04497190775457544
0.008850894972755567  0.2642764053341447
0.03560262183698368  0.0036928537145580684
0.007016316753084383
PSZ2G178.94+56.00  154.9671787048918  40.98790646004735  0.06603108560907113
0.00969809533396254  -0.8497911169069088
-0.39218040179826963  0.013033112897301252
0.006641785426944057
PSZ2G192.18+56.12  154.09411047554  33.63929513502235  0.04504139121103941
0.0041210591790863905  0.25190589067557284
0.01878979986066856  0.0027131498854029846
0.0062904099555682715
PSZ2G198.47-23.69  75.36634919364646  1.175140036793376  0.07978811172191455
0.01156416274354574  19.310357437256723
5.511972817403629  0.006284648583183122
0.00457258811136048
PSZ2G200.63-64.71  39.15300945348744  -19.37195088123445  0.04347608177930197
0.006589569742973304  0.7181286543239688
0.09383093501417744  0.03220837649876219
0.007880887538616283
PSZ2G206.22+24.89  122.7811018567326  16.71700034297127  0.09912886632070853
0.007818819181332953  0.6909320305970271
0.14002918643567974  0.014281036024710482
0.008739155449438126
PSZ2G224.38-24.95  84.56254554593465  -20.63259769652834  0.05526385213273595
0.006314086500669045  0.36440957989373834
0.06637394842460416  0.00422077554473624
0.006631499095366884
PSZ2G226.16-21.95  88.21405200129928  -21.05310450012554  0.03554149334328726
0.0020423052362129376  0.38316931884549893
0.014523082991806352  0.01381588108242875
0.010067789143978953
PSZ2G228.62+68.44  170.8156504444589  19.59600882434033  0.0995228789586137
0.005993903242686193  0.7988814759653187
0.06187167761988687  0.001424385334214968
0.00924651022095893
PSZ2G261.88+62.85  175.2994748335289  5.734631275379228  0.0980978567703678
0.015406338505447422  -0.664093543905558
-0.46823620996182796  0.010328110698864634
0.0074247299457420165
PSZ2G268.30+28.89  159.603616865067  -24.89194617804994  0.02855807433712773
0.005576372691923967  0.2933379239861913
0.023060234731213238  0.010719024634678534
0.004263759974895226
PSZ2G277.38+47.07  175.3502973721639  -12.27722612085493  0.2613642478484552
0.009570119309403722  0.6145161392654498
0.03600199305554445  0.00506839976004922
0.0074619575940750495
PSZ2G283.91+73.87  187.5347233664628  11.75157039232847  0.0268258019985623
0.0022641663033988557  -0.5611785746503887
-0.20480815742000688  0.04017918984373827
0.015236293998004032
PSZ2G284.59+70.84  186.8603536445181  8.815010496917974  0.12765333368911155
0.020293139006639885  1.7068372808677208
1.1834351242236576  0.01309543376904328
0.014650493051325054
PSZ2G295.34+23.34  183.8638009293309  -39.04056348903699  0.022003251559175898
0.0016183056813785012  0.18168498814195458
0.00525538991207511  0.029623625147141883
0.008215040864161098
PSZ2G302.85-88.63  12.84492151628745  -28.51351115385494  0.02284292175342667
0.005563241208903072  0.1559950830835977
0.02927257255843818  0.00970753045519731
0.00410062375653537
PSZ2G314.26-55.35  359.6968203238625  -60.62015552472386  0.06937744487561226
0.0017721531285253592  0.1283115276325648
0.003588620095585508  0.05205780159090943
0.008997451435250133
PSZ2G321.98-47.96  342.4881995481682  -64.42998802997433  0.05409820497003141
0.0012418806564147339  0.3582110088215351
0.00464589351264891  0.02190635826769546
0.013796358432460343
PSZ2G322.77+59.52  202.7599961026745  -1.833419323632256  0.12137928453484242
0.006527498160700482  0.3959543303237308
0.03319880114449523  0.056847000033606016
0.015204117322657671
PSZ2G324.54-44.97  334.5012651566735  -65.18119779106756  0.11388392244298144
0.0038637465188688575  0.4944627438452816
0.022030372187202038  0.03010035736730423
0.012255507981680323
PSZ2G336.60-55.43  341.6017447790666  -52.73377707105773  0.02370491280708183
0.002165983741004171  0.3109988552969045
0.012275641381558572  0.011645722253986489
0.009680418812995523
PSZ2G340.46-52.20  335.0352551600527  -52.46380455108292  0.08219083969615014
0.006612069846741765  0.7813319964884909
0.09811625229667782  0.023037365446811578
0.010051160119018928
PSZ2G342.51-50.97  332.3343061649832  -51.80609687108709  0.07380452891420627
0.007545458275419811  0.32064233523758595
0.026254242630339864  0.01455571892474332
0.006300597039734699
PSZ2G346.30-30.35  298.2565944392069  -52.03968798907345  0.027083437139419596
0.00925062441279292  0.32187011136750937
0.06787537279559991  0.010096535712659446
0.00680577427262742
PSZ2G346.36-77.71  2.483910434223177  -35.68145374111953  0.062245742222313716
0.01159938609321088  0.4053890406281173
0.06343633997337995  0.00653110344794379
0.005137731992072346
PSZ2G352.28-77.66  1.500044480467815  -34.72340151703331  0.03626175110131499
0.006897519275483325  0.3002816182883197
0.024338938499419132  0.0072981665277239835
0.0057301981095821755
PSZ2G356.53+28.66  239.5906087801454  -14.1669275016847  0.17728257466155367
0.00571003355427046  0.5695323103174064
0.026296832770168796  0.004487531163185406
0.013285259960268615
PSZ2G358.21-87.49  10.52561326991625  -28.53074262328806  0.045400503451309984
0.005161587292970878  0.37354604622958304
0.01726886273994661  0.009884425678024335
0.007340927288152049
PSZ2G358.94-70.57  352.8085628309603  -36.51144384292429  0.19100433766969746
0.008350191839495187  0.6297465881527741
0.03565808783915111  0.002610230982907253
0.008035044520098594
PSZ2G000.13+78.04  203.5331667979409  20.24100567916052  0.0236864433448812
0.0037751456075235073  0.27049541858222415
0.016720747176333373  0.015537124048845326
0.0070171696103179994
PSZ2G000.40-41.86  316.0793072849124  -41.34529314442565  0.049812873378471983
0.0030136136826144364  0.4474227227177403
0.013922416498282271  0.01801284493097096
0.0086943224691202
PSZ2G002.82+39.23  235.0326755495554  -3.30635416812352  0.04323485624267661
0.005651784847382448  0.45718011480540555
0.03485424158925625  0.012231211486544089
0.011124735957595598
PSZ2G003.91-42.03  316.5298809786775  -38.77161374377415  0.030235708206638342
0.010398490495555447  0.31331020753084365
0.04243063420182304  0.05999079381201965
0.00865267707851474
PSZ2G003.93-59.41  338.6167944486502  -37.73118145981054  0.03378798654950848
0.0012199618058750118  0.44887522539315644
0.0068815748279544625  0.02223088119649467
0.011848866085796628
PSZ2G006.38+62.03  218.300984208153  12.46685094003534  0.09823906071784554
0.0272733799870622  -0.3337323202422385
-0.09810088071567505  0.0049161035369151805
0.0038937432197127552
PSZ2G014.09+38.38  240.8265458348681  3.279450432958976  0.05365647713790762
0.006424676242203533  0.38442799613406975
0.02302800400249927  0.009571820061814056
0.004263603703437879
PSZ2G018.32-28.50  303.7158500948172  -24.50632024407823  0.3122955944472515
0.007098288162251258  0.7250647494301938
0.017220536296945126  0.003957117457026623
0.012065720576798743
PSZ2G021.10+33.24  248.1953852078511  5.575375422010775  0.29667094398303556
0.0008781906422110177  0.661031053611451
0.0016676071014474735  0.0007479173429561474
0.020645558944954612
PSZ2G024.44+22.76  258.8008003746093  3.159968428600224  0.1566790205260833
0.0066827028123904245  0.6080936018088763
0.02125908419525669  0.004050135160752656
0.00927552579444377
PSZ2G026.73-38.94  316.8493215616718  -21.17744190323396  0.029225525759347774
0.011150588720548983  -1.7779677924654558
-0.4946945352096886  0.018152921598946874
0.003175629873056211
PSZ2G028.89+60.13  225.0814510890609  21.36970554033454  0.1783394244833796
0.002522797477513955  0.6728015851345732
0.008991653643868884  0.0025887916785418455
0.012079470702527208
PSZ2G033.97-76.61  357.9139121442064  -26.08416291244993  0.15454518887520494
0.007474329532278272  0.7135287613095427
0.03461385795603374  0.006910463036775954
0.008506403791673998
PSZ2G039.85-39.96  321.8039377531167  -12.16281861995805  0.029709117479516173
0.0011163322090549026  0.10942219587874014
0.0010407285391669221  0.04323638662668126
0.008327509517596667
PSZ2G041.45+29.10  259.4563087755668  19.6817539329805  0.01675539318538517
0.004727005094486439  0.152767649093193
0.016403380497036327  0.013514518852586614
0.005140172875060147
PSZ2G045.13+67.78  218.0055091177858  29.54833595907913  0.057497969706085825
0.012871500149087145  0.19756440145023113
0.03503559406838375  0.009160287424659252
0.003829248115532026
PSZ2G047.71-59.47  342.1292949436243  -16.1078594457035  0.07362300788765676
0.00404376959548115  0.39514930837769435
0.014645985977584127  0.003996811395698586
0.00644023179193505
PSZ2G049.18+65.05  221.1322909378225  31.22692164189308  0.19354698289504757
0.01808782273613178  0.5823559835899262
0.08817322751515064  0.009252506689695596
0.004884822464147588
PSZ2G049.22+30.87  260.0415486794438  26.62526002346468  0.0036365858215692665
0.0002719981491699411  0.627117467232188
0.004631781428784357  0.0016915871867703644
0.013088982795809612
PSZ2G054.99+53.41  234.9244844635996  34.4159887103379  0.037414163032882065
0.0020784711378020754  0.2883484873289076
0.006271176656502372  0.023294487129305878
0.007928922781110258
PSZ2G055.59+31.85  260.6138808664613  32.13251998166714  0.11326443647007829
0.002265110925999567  0.5016769369868385
0.004906387094719877  0.005969195322107386
0.01110331049038588
PSZ2G055.95-34.89  323.8201406397065  1.429468239204737  0.02115322644717849
0.002630412819433227  0.17328625478079293
0.005606625795913404  0.024150511411379926
0.00676517699815709
PSZ2G057.08-74.45  357.7611486506633  -19.94920389808723  0.07439963878823849
0.010974631593489161  0.15442606859780322
0.012931938950638601  0.021750866672200008
0.003853862418851452
PSZ2G057.73+51.58  237.1382905178747  36.09165993240874  0.026243637760292458
0.0100163153770799  29.942787858662115
6.604454564567307  0.0072895420565471086
0.005180962360135428
PSZ2G059.81-39.09  329.0349115622107  1.392069522284885  0.04143941776565356
0.0056112236114787585  0.2864092972520133
0.017093024748711508  0.011599201526858597
0.0032601518379610115
PSZ2G067.17+67.46  216.5131099753932  37.82401483544542  0.05971432911780703
0.0005807723648662776  0.47841730132103205
0.0029183143416870666  0.01138660130465667
0.01136334377124269
PSZ2G067.52+34.75  259.3297980102978  42.44970129323332  0.26557161066156665
0.011959542218209307  0.960659045378843
0.05673720223588679  0.006676553212485624
0.0064532937738582
PSZ2G070.08-31.79  328.9249587348252  12.52464206952419  0.1080785158838768
0.005285425579901939  0.5227325357487842
0.022294193734785403  0.0013759916124749553
0.007683912233210539
PSZ2G073.97-27.82  328.4037092966434  17.69475860619417  0.08693750996548832
0.0064302446666629955  0.4987314798987557
0.016973227229465603  0.005928472884897079
0.009245736695748786
PSZ2G074.75-24.59  326.4805009741085  20.47105096535568  0.09366323592944399
0.009489694726801619  0.5405844481378842
0.047771940943112996  0.0030611396676944627
0.0048137996639970974
PSZ2G083.86+85.09  196.4607081116953  30.89461882464195  0.053516370728331764
0.004710569388308554  0.3459750732869699
0.01999588489046395  0.010556662919574805
0.006432943023023988
PSZ2G092.16-66.01  0.7966750030366371  -6.090548938696612  0.03942819878213079
0.007243611479688207  0.40217808781682335
0.023576211324931616  0.005523710437656019
0.0063017924817254265
PSZ2G092.71+73.46  203.8253848898902  41.00173551172868  0.03649708926680646
0.0010611818416761283  0.2948426706750746
0.0033954864686153666  0.0073712285000712575
0.007207414247521742
PSZ2G097.72+38.12  248.9510568100802  66.21425481116854  0.03943139134122924
0.0011144656447877603  0.3213392897800745
0.0032875729919087625  0.01739001625778825
0.007356970134900524
PSZ2G101.52-29.98  351.6101010041667  29.36322274785563  0.10310624074333416
0.010137234037131144  0.8302354798140578
0.062208264992846186  0.003518952580785428
0.004304997885675547
PSZ2G104.71-54.54  2.335251029163296  6.822669746528426  0.044338521496483034
0.008377001757772467  0.1857640196190972
0.01893650280417817  0.012422058400589249
0.004824768286567726
PSZ2G113.81+44.35  213.4828031466602  71.3000686086614  0.02925134145867846
0.003293211429155928  0.19176060752545118
0.006859790307203355  0.04469223186861001
0.004595673695152044
PSZ2G114.99+70.36  196.7069115329035  46.55832653251213  0.033872460431937756
0.002186944062672448  0.23276457075119833
0.005949845206531385  0.018583258078107772
0.006927871965757293
PSZ2G118.58+28.57  261.0586442009422  85.8866289929568  0.056360305758816676
0.0025293882968571535  0.36648852829197226
0.009655173806100084  0.009701104933689374
0.007674245820362155
PSZ2G124.20-36.48  13.95994503652616  26.41044640872018  0.1935375006864619
0.0011499767780326427  0.22822370985301543
0.0009748004969673698  0.07318989151283727
0.00909462575169414
PSZ2G125.30-27.99  15.42493757067094  34.83661129229948  0.03024896540520123
0.009101517906788361  0.8232127124098448
0.1107963694835525  0.011803588568195885
0.004156200643818574
PSZ2G127.44-34.74  17.06836742716736  27.95475493590352  0.022204554787623672
0.004821230774849291  0.15181558287204636
0.015363248553557292  0.031627067237953665
0.0034180201781813515
PSZ2G140.63+29.45  115.4355153393925  74.24380683810088  0.04646359006736584
0.0004375712884264512  0.4815218982949299
0.002060291213165803  0.0026560376158947206
0.0064656836055055015
PSZ2G143.62+42.61  150.7808391593721  67.17373675406985  0.012236444088884756
0.005893703770423385  0.17002279021696137
0.017036142846347795  0.016908109485718407
0.004666038402111381
PSZ2G145.19+32.14  122.7973107203118  70.04518498512058  0.07396524855314929
0.0068417847851098565  0.48034054533836784
0.02154029328780395  0.013572967108506926
0.004730003173334288
PSZ2G149.39-36.84  35.39363824917429  21.36015678624182  0.03309324419945339
0.0035711589160764253  0.2404317489415683
0.015060537694087203  0.01333225108092939
0.006145723815130692
PSZ2G149.75+34.68  127.7476109088934  65.83960488936266  0.05200789162613451
0.0007468946409717886  0.2724850073914634
0.002329659850470343  0.03615222027496122
0.010682606125671311
PSZ2G150.90-39.05  35.52387005544843  18.77584707104071  0.0565314428198019
0.009469576817365575  0.9975821815578123
0.1253212079878277  0.00782612694791749
0.0053477567308660556
PSZ2G153.00-58.26  28.17580164023573  1.013409536054215  0.05996809681553401
0.002654734822037331  0.4826396267482988
0.008263893310225484  0.011017555628740763
0.006027205455921797
PSZ2G159.91-73.50  22.97687842275191  -13.61347727949903  0.03402573507481224
0.001604260489415732  0.2944510886582318
0.005177010193048752  0.014158417498685275
0.010622392464480336
PSZ2G161.94-48.17  37.86578390176238  6.983203638219651  0.03348925145338839
0.0064145649500971106  0.4195000998978052
0.03819348996336555  0.014365400513939159
0.0047264055060192425
PSZ2G162.49-71.98  24.48317800506637  -12.82025746844931  0.07210906520429282
0.0028938346105728853  0.46363165146405305
0.009695100078211406  0.01795234893301145
0.0065409664459576715
PSZ2G163.69+53.52  155.620975610973  50.11269047903727  0.0549182351233743
0.0028275405294158422  0.4008924521145991
0.009338915614093182  0.014240974031812747
0.0068070570177891695
PSZ2G166.09+43.38  139.4715541494504  51.7282959827747  0.004991977123746525
0.0010449981009847012  0.3672826625457673
0.0036891771069887764  0.00629001778935375
0.006268633734171733
PSZ2G166.62+42.13  137.4065151696649  51.55727718829375  0.01250456500329276
0.0024956548277820035  0.024405857357560772
0.0023535157193039246  0.08071998171531342
0.005830569042106738
PSZ2G175.69-85.98  16.38717401481292  -24.64082117113097  0.04691830928048062
0.00290043017179979  0.17979916678362293
0.005499313738528404  0.017208088959300098
0.007136231652573924
PSZ2G176.25-52.57  42.05073520708731  -2.276673158596335  0.033346120013428335
0.004462143873673824  0.32272041512514804
0.0190215763647988  0.010196408620944215
0.004687215749867636
PSZ2G180.60+76.65  179.3221779073287  33.61095256675011  0.11863886198707373
0.0028744236209786705  0.4648681677463086
0.00589402894285788  0.00941497208973832
0.008548948140439334
PSZ2G182.59+55.83  154.2652017966317  39.04772708945952  0.10419633275753983
0.0054773380278878  0.44522151763179546
0.013638179432900055  0.001852215899199346
0.009866251707165897
PSZ2G187.53+21.92  113.0848486574695  31.63137569631899  0.019942749420693077
0.0004230127573935153  0.5152569146336644
0.005004905826849686  0.004793659314281284
0.009919501404774935
PSZ2G189.53-25.10  69.75262698049046  7.26837793402257  0.10014499294141377
0.003260952932863644  0.4990724436908418
0.0074028919127333845  0.005628779928042215
0.006860563305942982
PSZ2G195.75-24.32  73.53086068558582  2.908716978612615  0.01774719777619734
0.0003766758324591163  0.14586711225598972
0.0006651512402141804  0.04947012727004098
0.007852776135605767
PSZ2G200.95-28.16  72.5881973440899  -2.950678729521685  0.009122126411371183
0.009270878674233613  0.07844904128396314
0.004866860223534135  0.027782167350597305
0.0036351032074299025
PSZ2G208.60-26.00  77.69807219355386  -8.02723092893016  0.047752354819415255
0.002239251186819437  0.3186617039504179
0.005660260960645265  0.02187683894124863
0.00858864107390322
PSZ2G208.80-30.67  73.52818618904598  -10.21457055202963  0.03393456010516098
0.0013267523466704467  0.14298650204966254
0.0028622581123702727  0.055722807096175435
0.005882951347275141
PSZ2G212.82-84.04  19.54682446906346  -26.9658861480657  0.04130657314517564
0.0024352653233738553  0.3348737593047107
0.00685762041390395  0.02069548967726582
0.005685822677928154
PSZ2G214.61-22.70  83.1055034841778  -11.54304526164185  0.04499267668720739
0.004708939581030609  0.34215568837005156
0.013476807771829621  0.010570024380588296
0.009813310186022675
PSZ2G215.19-49.65  57.01308957522552  -21.75358329129636  0.022309260074569553
0.003703952423633776  0.19472901566943332
0.012126990766004453  0.025097603725092368
0.004616197231435111
PSZ2G215.61+22.61  124.2662020293201  7.869828285276466  0.051722185033236175
0.006999027408265895  0.6599315016251837
0.044857902750548774  0.0073181297683071415
0.0030244402289325662
PSZ2G218.81+35.51  137.3032525726927  10.97449500627356  0.0928495948541419
0.002314656803660088  0.3687862508101993
0.005048837929962414  0.032201083039712385
0.011075771758573128
PSZ2G219.88+22.83  126.2481473299004  4.440030528629386  0.023909929405286103
0.008129576253272541  0.1145772827985443
0.017498299437731374  0.02257699841008296
0.005371320699921115
PSZ2G220.11+22.91  126.4911385696844  4.246736564527449  0.1026948827643488
0.005107095706147516  0.5262591747401876
0.017085087813612284  0.026723292418762992
0.008444328526783439
PSZ2G222.99-65.70  40.3431492688646  -28.65512599232949  0.03750781701386143
0.005303536114139733  0.3242124461570666
0.022569734469870022  0.010808299184429387
0.006881872100914699
PSZ2G224.00+69.33  170.9912067343525  21.4822521250554  0.04585280850344004
0.002793660631910113  0.29645128497563966
0.01013153085783963  0.007338185233832888
0.006785242099905859
PSZ2G225.48+29.41  134.4654049473359  3.176861899687824  0.04331741301892869
0.005957395440513343  0.43317985213084415
0.027467725029547353  0.005632870223566613
0.005681057220116277
PSZ2G226.75+48.95  152.1999323434339  11.79015491671879  0.04819698337499061
0.001820748849545643  0.2751027642664043
0.00488936788311866  0.019259972807193732
0.004516984066334052
PSZ2G244.71+32.50  146.359078411368  -8.656410937144475  0.030557231268274337
0.002229559076190142  0.38532875428151814
0.011526190251424928  0.002596026699839075
0.009438048823333735
PSZ2G249.38+33.26  149.591930554154  -11.06393162667668  0.15042663085363137
0.001168145557679707  0.5335092887249342
0.0029426260522389582  0.001858436730338468
0.009876674941076583
PSZ2G250.89-36.24  77.57028942170963  -45.32177009865177  0.0606647055683539
0.003127795802512865  0.45020778983174276
0.008753649950463804  0.004791584359868924
0.007169689474879608
PSZ2G253.13+57.49  168.5334051180492  4.351291682140283  0.05115691060265824
0.00809619420328148  0.6708253898102294
0.06458170622478046  0.005943740965687205
0.003945570198745878
PSZ2G253.48-33.72  81.45315833604978  -47.25256986432937  0.0752373802168434
0.0032168582812005554  0.4686180092779279
0.008333900584044391  0.00396165015041436
0.006268744775936957
PSZ2G256.53-65.70  36.47188805347876  -41.91528129478446  0.11615324390242267
0.0033242329308164997  0.42457926821739533
0.006118241243639827  0.004955132099760845
0.007616945568584721
PSZ2G257.32-22.19  99.31092042496104  -48.47193269714545  0.07631057594909471
0.0036095969179677618  0.28406262594142545
0.006560988643819727  0.04819145906821937
0.005930790694283254
PSZ2G263.14-23.41  99.70222771855313  -53.97344967113381  0.09259122654499129
0.00101208453316302  0.4425593408211557
0.0019853746218614953  0.004768836296228191
0.009024023727265167
PSZ2G263.68-22.55  101.370177839475  -54.22800694845347  0.07164331836627759
0.002716086494503681  0.5107816269573741
0.008761242149551507  0.008991346349444896
0.009789507271735562
PSZ2G280.17+47.83  177.4423055672717  -12.31560428552358  0.02988126693374047
0.002293111107212682  0.28437623329788125
0.008319441038258284  0.02218117703772196
0.009252136986856827
PSZ2G285.63+72.75  187.6970542137598  10.55297052394918  0.036524348770761036
0.0021902216574626395  0.4346775232373827
0.010635586722893164  0.015215614912588564
0.007634521054758203
PSZ2G286.62-31.24  82.86905957362252  -75.18052940944483  0.03294948244968097
0.002350280242611829  0.30168762032681906
0.007406212369973386  0.020134656024682444
0.006562619537324331
PSZ2G287.96-32.99  74.94801373148366  -75.80787375956685  0.02809666996334206
0.015138255944668355  0.2596706759949936
0.020749133512240715  0.024815624441837745
0.0050848892364556975
PSZ2G288.27+39.97  180.8149289925583  -21.53996565343527  0.034489141410873225
0.006155777510242653  0.363098180291997
0.024638908379887622  0.014025843476675334
0.007266779373797167
PSZ2G289.13+72.19  188.6015958511456  9.788633648873137  0.029012697913738453
0.003017035484598272  0.14509056585314314
0.005429060037830651  0.026399395312714288
0.006823724352615101
PSZ2G304.65-31.66  355.0290017152051  -85.19786443368056  0.027445673747824355
0.0027918774889801735  0.1389158965475801
0.004905004114295145  0.018971652745013307
0.005498100084999308
PSZ2G306.02+34.47  195.7754343086371  -28.34505281622666  0.04509287977677715
0.01577588973474679  0.701064262898995
0.07550353520060067  0.009978098036194703
0.0033977818835744206
PSZ2G309.49+37.31  198.6202260633604  -25.25902867527036  0.031113463935764522
0.0040818441842990025  0.22224590600374808
0.010723252158166538  0.015718550211101117
0.005465186753538195
PSZ2G313.33+61.13  197.8731453250682  -1.341477576101095  0.012717033464794383
0.00019469697669578136  0.5865883729420895
0.0017077552172891355  0.000768081499374433
0.015825322194998763
PSZ2G315.56-37.04  328.9527721209182  -75.45121284580036  0.04619732420195309
0.006342939964255766  0.39112305200270403
0.021591619723161093  0.012019125319420482
0.004478376795982911
PSZ2G318.14-29.57  296.8101818025746  -76.39556899471533  0.1290226260932519
0.003447299952583098  0.48554650342689515
0.007200603322215221  0.005752436583321592
0.006539916186365092
PSZ2G322.63-49.15  343.515205167531  -63.24763425532163  0.1275760546216857
0.009359828223364638  0.5145629512518135
0.022738283910773024  0.006710400543153134
0.006133077203561042
PSZ2G340.94+35.07  224.8704915689335  -18.17923242281536  0.24201055871061355
0.011510519063444288  0.6851598084741621
0.028338864993533826  0.0036209871347262267
0.008631379621353063
PSZ2G341.44-40.19  315.3077839662542  -55.68924177363295  0.05602726966102286
0.02026015916083882  1.2114242729416689
0.17714776345298167  0.011420550594987597
0.0040689722970281015
PSZ2G342.33-34.93  305.8387768222913  -55.59638654896163  0.020970136049424333
0.0009928067142990031  0.2307958674759419
0.0024455240775931066  0.021736587018927906
0.005382412867917715
PSZ2G346.61+35.06  228.7611518330101  -15.38899121331472  0.017171100765597063
0.001333453910254232  0.1355401461656083
0.0025817536544408635  0.052511060026565796
0.007513240865501591
PSZ2G347.17-27.36  293.7197087883418  -50.87561390875354  0.023855723153744183
0.002122474209056461  0.2143811217122686
0.005541294978079319  0.00960470603438217
0.006597471014410765
PSZ2G348.43-25.50  291.2400053986442  -49.44743622768166  0.03339877440924916
0.014829412486290477  0.4727448057532382
0.053320107889498446  0.015479172252479351
0.00216728932420233
PSZ2G350.12+45.29  224.0920523926269  -5.81558556733254  0.03352117413138762
0.006023030164371561  0.2683003807338614
0.017981118422608296  0.01588476792805316
0.006025687817146093
PSZ2G355.07+46.20  226.0311878250776  -2.804533475015575  0.3220898334888514
0.0007295903502950617  0.7502015691139625
0.0015054788015265283  0.0007097541264841023
0.015076954825077838
PSZ2G357.43+69.50  209.9787427457257  14.2393907407973  0.0605033829291471
0.0070753080942165735  0.4564758544172058
0.022008818020162444  0.010732568196733693
0.005558458945117261
PSZ2G358.98-67.26  348.9423699454023  -37.79829584553605  0.06809958131303631
0.007368530905737045  0.396953041350511
0.02342879564529078  0.030920717271683676
0.0067529618193338135
